Textures/Tiles/mountains.png
293
-4 -23 0
-3 -23 1
-3 -23 1
-3 -23 1
-2 -23 2
-1 -23 3
0 -23 4
1 -23 5
2 -23 6
3 -23 7
4 -23 8
5 -23 9
5 -23 9
6 -23 10
7 -23 11
8 -23 12
9 -23 13
10 -23 14
11 -23 15
-4 -22 16
-3 -22 17
-2 -22 18
-1 -22 19
0 -22 20
0 -22 20
1 -22 21
1 -22 21
2 -22 22
3 -22 23
3 -22 23
4 -22 24
5 -22 25
6 -22 26
7 -22 27
8 -22 28
9 -22 29
10 -22 30
11 -22 31
-4 -21 32
-3 -21 33
-2 -21 34
-1 -21 35
0 -21 36
1 -21 37
2 -21 38
-4 -25 39
-3 -25 40
-2 -25 39
-1 -25 40
0 -25 39
1 -25 40
2 -25 39
3 -25 40
4 -25 39
5 -25 40
6 -25 39
6 -25 39
6 -25 39
6 -25 39
7 -25 40
8 -25 39
8 -25 39
9 -25 40
10 -25 39
11 -25 40
12 -25 39
13 -25 40
14 -25 39
15 -25 40
16 -25 39
15 -21 35
16 -21 36
16 -20 52
33 -25 39
13 -20 49
5 -21 41
5 -21 41
5 -21 41
6 -21 42
7 -21 43
8 -21 44
9 -21 45
10 -21 46
11 -21 47
-4 -20 48
-3 -20 49
-2 -20 50
-1 -20 51
0 -20 52
0 -20 52
0 -20 52
0 -20 52
0 -20 52
-4 -24 54
-4 -24 55
-3 -24 56
-2 -24 55
-1 -24 56
0 -24 55
1 -24 56
2 -24 55
3 -24 56
4 -24 55
5 -24 56
6 -24 55
7 -24 56
8 -24 55
9 -24 56
10 -24 55
11 -24 56
12 -24 55
13 -24 56
14 -24 55
15 -24 56
16 -24 55
18 -25 40
15 -20 51
14 -20 50
7 -20 59
8 -20 60
9 -20 61
10 -20 62
34 -25 40
12 -23 0
13 -23 1
15 -22 19
14 -22 18
12 -22 16
13 -22 17
14 -23 2
15 -23 3
16 -23 4
16 -22 20
12 -21 32
13 -21 33
14 -21 34
17 -25 39
19 -23 39
20 -23 40
17 -23 39
18 -23 40
19 -25 39
20 -25 40
21 -25 39
22 -25 40
23 -25 39
24 -25 40
21 -23 39
22 -23 40
23 -23 39
24 -23 40
17 -22 54
17 -22 55
18 -22 56
19 -22 55
20 -22 56
21 -22 55
22 -22 56
23 -22 55
24 -22 56
17 -24 55
18 -24 56
19 -24 55
20 -24 56
21 -24 55
22 -24 56
23 -24 55
24 -24 56
17 -21 61
18 -21 62
19 -21 62
20 -21 62
21 -21 62
22 -21 62
23 -21 62
24 -21 62
25 -21 53
25 -21 51
26 -21 52
25 -24 55
26 -24 56
25 -22 35
26 -22 36
27 -22 37
28 -22 38
25 -25 39
26 -25 40
27 -25 39
28 -25 40
29 -25 39
30 -25 40
25 -23 19
26 -23 20
27 -23 21
28 -23 22
29 -23 23
30 -23 24
31 -23 23
32 -23 24
33 -23 23
34 -23 24
27 -24 55
28 -24 56
29 -24 55
30 -24 56
31 -24 55
32 -24 56
33 -24 55
34 -24 56
31 -25 39
32 -25 40
33 -25 39
60 -25 39
35 -23 23
36 -23 23
37 -23 23
38 -23 23
39 -23 23
40 -23 23
41 -23 23
42 -23 23
43 -23 23
44 -23 23
45 -23 23
46 -23 23
47 -23 23
48 -23 23
49 -23 23
50 -23 23
51 -23 23
53 -23 23
52 -23 23
54 -23 23
56 -23 23
55 -23 23
57 -23 23
58 -23 23
59 -23 23
60 -23 23
35 -25 40
36 -25 39
37 -25 40
38 -25 39
39 -25 40
40 -25 39
41 -25 40
42 -25 39
43 -25 40
44 -25 39
45 -25 40
46 -25 39
47 -25 40
48 -25 39
49 -25 40
50 -25 39
51 -25 40
52 -25 39
53 -25 40
54 -25 39
55 -25 40
56 -25 39
57 -25 40
58 -25 39
59 -25 40
35 -24 56
36 -24 57
36 -24 55
37 -24 56
38 -24 55
39 -24 56
40 -24 55
41 -24 56
42 -24 55
43 -24 56
44 -24 55
45 -24 56
46 -24 55
47 -24 56
48 -24 55
49 -24 56
50 -24 55
51 -24 56
52 -24 55
53 -24 56
54 -24 55
55 -24 56
56 -24 55
57 -24 56
58 -24 55
59 -24 56
60 -24 55
11 -20 62
12 -20 62
11
-3.97385 -19.4577
-0.749231 -19.4808
2.94308 -21.7192
4.86308 -21.6731
8.87539 -19.5038
15.2262 -19.5038
16.9492 -20.5423
25.0069 -20.4962
29.0438 -22.7346
35.0085 -22.7346
61.0354 -22.6654
3
-2.02846 -13.7577 1 1 Textures/boxTex.png
-0.182308 -13.0192 1 1 Textures/boxTex.png
0.285385 -17.2654 1 1 Textures/boxTex.png
