Textures/Tiles/mountains.png
323
-6 -18 0
-5 -18 0
-5 -18 0
-5 -18 0
-5 -18 0
-5 -18 0
-5 -18 0
-5 -18 0
-5 -18 0
-5 -18 0
-4 -18 0
-4 -18 0
-4 -18 0
-4 -18 0
-4 -18 0
-3 -18 0
-3 -18 0
-3 -18 0
-3 -18 0
-3 -18 0
-3 -18 0
-2 -18 0
-2 -18 0
-2 -18 0
-2 -18 0
-1 -14 0
-1 -14 0
-2 -14 0
-2 -14 0
-3 -14 0
-3 -15 0
-1 -15 0
0 -15 0
0 -15 0
0 -15 0
-1 -15 0
-1 -15 0
-1 -15 0
-1 -15 0
-1 -15 0
-1 -15 0
-2 -15 0
3 -17 0
3 -17 0
3 -17 0
3 -17 0
4 -17 0
4 -17 0
4 -17 0
5 -17 0
5 -17 0
5 -17 0
6 -17 0
6 -17 0
7 -17 0
7 -17 0
7 -17 0
7 -17 0
8 -17 0
8 -17 0
8 -17 0
8 -17 0
9 -17 0
9 -17 0
10 -17 0
10 -17 0
11 -17 0
11 -17 0
12 -17 0
12 -17 0
13 -17 0
13 -17 0
13 -17 0
14 -17 0
14 -17 0
15 -17 0
15 -17 0
15 -17 0
16 -17 0
16 -17 0
17 -17 0
17 -17 0
18 -17 0
18 -17 0
18 -17 0
19 -17 0
19 -17 0
19 -17 0
19 -17 0
19 -17 0
19 -17 0
19 -17 0
19 -17 0
18 -17 0
18 -17 0
17 -18 0
17 -18 0
17 -18 0
17 -18 0
17 -18 0
17 -18 0
17 -18 0
16 -18 0
16 -18 0
16 -18 0
16 -18 0
16 -18 0
16 -18 0
15 -18 0
15 -18 0
14 -18 0
13 -18 0
13 -18 0
12 -18 0
11 -18 0
10 -18 0
10 -19 0
10 -19 0
9 -19 0
9 -19 0
9 -19 0
8 -19 0
8 -19 0
8 -19 0
7 -19 0
7 -19 0
6 -19 0
5 -19 0
5 -19 0
5 -19 0
4 -19 0
4 -19 0
4 -19 0
4 -19 0
4 -19 0
3 -19 0
3 -19 0
3 -19 0
2 -19 0
-2 -15 0
-3 -15 0
-3 -15 0
-3 -14 0
-4 -15 0
-4 -15 0
-4 -15 0
11 -12 0
-3 -15 0
-3 -15 0
-3 -15 0
-3 -15 0
-2 -15 0
2 -18 0
2 -18 0
3 -18 0
3 -18 0
3 -18 0
4 -18 0
4 -18 0
4 -18 0
5 -18 0
5 -18 0
6 -18 0
6 -18 0
7 -18 0
7 -18 0
8 -18 0
8 -18 0
8 -18 0
9 -18 0
9 -18 0
9 -18 0
10 -18 0
10 -18 0
10 -18 0
10 -18 0
10 -18 0
10 -18 0
10 -18 0
10 -18 0
10 -18 0
10 -18 0
10 -18 0
1 -19 0
1 -19 0
1 -19 0
0 -19 0
0 -19 0
-1 -19 0
-1 -19 0
-2 -19 0
-2 -19 0
-2 -19 0
-2 -19 0
-2 -19 0
-3 -19 0
-3 -19 0
-4 -19 0
-4 -19 0
-4 -19 0
-4 -19 0
-4 -19 0
-4 -19 0
-5 -19 0
-5 -19 0
-5 -19 0
-6 -19 0
-6 -19 0
-6 -19 0
-6 -19 0
-6 -19 0
-7 -19 0
-7 -19 0
-7 -19 0
-7 -19 0
-7 -19 0
-7 -19 0
-8 -19 0
-8 -19 0
-9 -19 0
-10 -19 0
-10 -19 0
-10 -19 0
-10 -19 0
-10 -19 0
-10 -19 0
11 -19 0
11 -19 0
11 -19 0
11 -19 0
12 -19 0
13 -19 0
13 -19 0
14 -19 0
14 -19 0
14 -19 0
23 -19 0
23 -19 0
23 -19 0
23 -19 0
23 -19 0
22 -19 0
21 -19 0
20 -19 0
20 -19 0
19 -19 0
19 -19 0
19 -19 0
19 -19 0
19 -19 0
18 -19 0
18 -19 0
18 -19 0
18 -19 0
17 -19 0
17 -19 0
17 -19 0
16 -19 0
16 -19 0
16 -19 0
15 -19 0
18 -18 0
18 -18 0
18 -18 0
18 -18 0
19 -18 0
19 -18 0
19 -18 0
19 -18 0
19 -18 0
19 -18 0
20 -18 0
20 -18 0
20 -18 0
20 -18 0
20 -18 0
21 -18 0
21 -18 0
22 -18 0
22 -18 0
22 -18 0
22 -18 0
22 -18 0
25 -19 0
24 -19 0
15 -13 0
15 -13 0
15 -12 0
14 -12 0
14 -12 0
14 -12 0
13 -12 0
13 -12 0
13 -13 0
12 -13 0
11 -13 0
11 -13 0
10 -13 0
10 -13 0
10 -13 0
11 -13 0
12 -13 0
12 -13 0
13 -13 0
13 -13 0
14 -13 0
14 -13 0
14 -13 0
14 -13 0
14 -13 0
14 -13 0
15 -13 0
15 -13 0
15 -13 0
15 -13 0
14 -13 0
14 -13 0
12 -12 0
12 -12 0
12 -12 0
11 -12 0
11 -12 0
11 -12 0
12
-10.009 -18.0103
-6.05 -17.9487
-6.05 -17.0667
-1.0641 -17.0051
-1.00256 -18.0103
1.06923 -18.0513
3.01795 -16.0205
19.9821 -16
19.9821 -17.0051
22.9974 -17.0462
23.009 -18.0103
25.9833 -18.0308
5
-2.00897 -8.04103 1 1 Textures/boxTex.png
8.43205 -13.1487 1 1 Textures/boxTex.png
8.43205 -13.1282 1 1 Textures/boxTex.png
8.43205 -13.1077 1 1 Textures/boxTex.png
12.7192 -7.65128 1 1 Textures/boxTex.png
50
0.384615 -16.7795 ÿ ÿ ÿ ÿ 9.4 Textures/light.png
-6.59359 -17.8872 ÿ ÿ ÿ ÿ 4.1 Textures/light.png
14.0436 -11.8769 ÿ ÿ ÿ ÿ 4.1 Textures/light.png
-1.52692 -12.5128 ÿ ÿ ÿ ÿ 4.1 Textures/light.png
19.9603 -16.8 ÿ ÿ ÿ ÿ 4.1 Textures/light.png
23.4064 -17.5179 ÿ ÿ ÿ ÿ 4.1 Textures/light.png
21.2936 -18.3795 ÿ ÿ ÿ ÿ 4.1 Textures/light.png
6.60641 -17.4564 ÿ ÿ ÿ ÿ 2.2 Textures/light.png
9.64231 -17.5795 ÿ ÿ ÿ ÿ 2.2 Textures/light.png
11.55 -17.5179 ÿ ÿ ÿ ÿ 2.2 Textures/light.png
14.8731 -17.7026 ÿ ÿ ÿ ÿ 2.2 Textures/light.png
18.2577 -17.641 ÿ ÿ ÿ ÿ 2.2 Textures/light.png
7.3859 -17.5385 ÿ ÿ ÿ ÿ 2.2 Textures/light.png
13.1705 -17.7231 ÿ ÿ ÿ ÿ 2.2 Textures/light.png
4.47692 -17.4769 ÿ ÿ ÿ ÿ 2.2 Textures/light.png
8.57949 -16.3487 ÿ ÿ ÿ ÿ 2.2 Textures/light.png
8.68205 -16.3692 ÿ ÿ ÿ ÿ 2.2 Textures/light.png
8.80513 -16.3692 ÿ ÿ ÿ ÿ 2.2 Textures/light.png
8.92821 -16.3487 ÿ ÿ ÿ ÿ 2.2 Textures/light.png
9.11282 -16.3077 ÿ ÿ ÿ ÿ 2.2 Textures/light.png
9.27692 -16.3077 ÿ ÿ ÿ ÿ 2.2 Textures/light.png
9.4 -16.2872 ÿ ÿ ÿ ÿ 2.2 Textures/light.png
9.50256 -16.2872 ÿ ÿ ÿ ÿ 2.2 Textures/light.png
9.68718 -16.2872 ÿ ÿ ÿ ÿ 2.2 Textures/light.png
9.97436 -16.3077 ÿ ÿ ÿ ÿ 2.2 Textures/light.png
10.4051 -16.3487 ÿ ÿ ÿ ÿ 2.2 Textures/light.png
10.7744 -16.3692 ÿ ÿ ÿ ÿ 2.2 Textures/light.png
11.041 -16.3692 ÿ ÿ ÿ ÿ 2.2 Textures/light.png
11.1641 -16.3692 ÿ ÿ ÿ ÿ 2.2 Textures/light.png
11.1846 -16.3487 ÿ ÿ ÿ ÿ 2.2 Textures/light.png
11.3282 -16.3487 ÿ ÿ ÿ ÿ 2.2 Textures/light.png
11.6359 -16.3692 ÿ ÿ ÿ ÿ 2.2 Textures/light.png
12.0462 -16.3897 ÿ ÿ ÿ ÿ 2.2 Textures/light.png
12.4769 -16.4103 ÿ ÿ ÿ ÿ 2.2 Textures/light.png
12.8872 -16.4513 ÿ ÿ ÿ ÿ 2.2 Textures/light.png
13.1949 -16.4923 ÿ ÿ ÿ ÿ 2.2 Textures/light.png
13.4821 -16.5128 ÿ ÿ ÿ ÿ 2.2 Textures/light.png
13.7897 -16.5538 ÿ ÿ ÿ ÿ 2.2 Textures/light.png
14.1795 -16.5949 ÿ ÿ ÿ ÿ 2.2 Textures/light.png
14.6308 -16.6154 ÿ ÿ ÿ ÿ 2.2 Textures/light.png
15.1641 -16.6564 ÿ ÿ ÿ ÿ 2.2 Textures/light.png
15.6564 -16.6974 ÿ ÿ ÿ ÿ 2.2 Textures/light.png
16.1692 -16.7385 ÿ ÿ ÿ ÿ 2.2 Textures/light.png
16.7641 -16.759 ÿ ÿ ÿ ÿ 2.2 Textures/light.png
17.2359 -16.7795 ÿ ÿ ÿ ÿ 2.2 Textures/light.png
17.6872 -16.7795 ÿ ÿ ÿ ÿ 2.2 Textures/light.png
17.9744 -16.7795 ÿ ÿ ÿ ÿ 2.2 Textures/light.png
10.9385 -12.1641 ÿ ÿ ÿ ÿ 2.2 Textures/light.png
3.73846 -18.441 ÿ ÿ ÿ ÿ 3.6 Textures/light.png
3.73846 -18.441 ÿ ÿ ÿ ÿ 3.6 Textures/light.png
